aarp
amazon
american airline
amex
banana republic
bedbathandbeyond
bestbuy
bitmo
bj
bloomingdale's
burberry
buyatab
buybuybaby
cashstar
chewy
citi
coach
cole haan
costco
crate and barrel
cvs
dell
delta
discover
dunkindonuts
egifter
gamestop
gap
getmyperks
gianteagle
giftcardmall
giftcardzen
giftme
gnc
groupon
gyft
h&m
happycards
home depot
hotels.com
ibotta
j.crew
jcpenney
jet
kate spade
kroger
lastcall
livingsocial
lord and taylor
lowe's
mac
macy's
maggiano's
mygiftcardsplus
nationalgc
neiman marcus
newegg
nike
officedepot
old navy
olive garden
origins
overstock
petco
pottery barn
ppdg
raise
rakuten
ralph lauren
red lobster
rei
retailmenot
riteaid
saks fifth avenue
sam's club
samsung pay
saveya
sears
seashell
sephora
shopyourway
southwest
staples
star market
starbucks
sur la table
svm
swagbucks
swarovski
sweetdeals
swych
target
thankyou.com
the body shop
thegiftcardshop
tory burch
toysrus
under armour
various
walgreen
walmart
wayfair
west elm
white house black market
whole foods
williams sonoma
zappos
